13677098772
13561741118
13751787545
15900901323
18810056791
15776685448
15017108024
13918971655
15150178853
15150170001
18885632151
18640818515
13540384076
15575547864
15575547814
13399791857
18862321930
13367303220
13903546119
15338076316
15126560001
13845713591
13810788898
13015970001
15001145064
13651191745
18634931505
13592988847
13006137896
13006115863
13006102563
13763932380
13979686633
15652571952
15102450001
13170778538
13688778414
13769970001
13598886325
13647899444
15000028428
13800410001
15044556566
13500955595
15143581314
13105313443
15004655113
13068170001
15506354444
15304111122
13031116692
13401170001
13238500001
15577803465
13019390001
18819496550
13715078282
13715078285
13715073166
15010917820
18976990001
13018720001
13049200001
15145889497
13561380001
13523588821
13075963513
13526188846
13378170001
13415880427
18989420001
15676017068
15856544356
13038360001
15856999233
13573882771
13911626014
13354201999
15998142361
15840261363
13874140549
15578001333
15289170001
13018812566
13311881380
13469210001
13327420001
13402070001
18886961556
13403890001
13055540001
15987440958
15111171986
15893772159
15003762102
15376550583
13868587363
13783512076
13419882168
15824822147
15978792142
13936372392
13509350001
13301008568
13810183364
15811090001
15811099999
15936440152
15617151516
15516428235
15703890904
13213300660
15037032306
13633709442
13103977138
18883302036
13726230954
13594152083
13625983243
15736102006
15856002064
18883682147
13908262104
13838182866
18857132003
15824472019
13411953699
15875432976
18838180728
15867882164
13722091373
15639492155
13110740001
15893862017
15736992152
13199760001
15637762147
15515862075
18697312035
15896842090
15823972111
15922542193
18910129030
13040160001
13217130001
13511066713
13397250001
15557910001
13572612615
13006158730
15945755689
15140160001
13821320001
13682304563
13875883587
15560766925
13524432196
13006152586
13308010000
15513663958

